// red apple 

// red apple 

// dark red apple
8 8 50    50 50 160
75 75 160	95 95 190
105 95 185	125 115 205

//normal red apple
40 40 170	60 60 200
50 40 130	60 60 160
40 30 200    80 60 255
60 60 165	90 90 200
60 60 190	80 80 220
160 120 160    180 140 180

//light red apple
100 80 240	180 140 255
100 90 200	120 110 220
120 110 180	140 130 220
140 125 200	160 145 220
170 138 250	255 230 255
200 180 249	230 220 270
      
// green
   
// green normal
90 180 160	110 220 180
40 140 130	110 170 160
60 170 155	100	200	180
60 200 200	110 255 230
100 50 200	160 255 255
130 150 240	160 255 255

// green dark
0 60 60		20 100 80
0 70 65		60 120 100
10 40 40	30 70 80
40 40 100	60 60 120
40 80 80	60 140 120
50 115 105	60 125 115
50 120 120	100 200 180
100 130 130	120 170 150

// green light
130 240 240	220 255 255
140 240 250	170 255 255
245 240 250	253 255 255